0 4 3 2 1 0  0 4 3 2 1 0  0 4 3 2 1 0  0 4 3 2 1 0  0 4 3 2 1 0  0 4 3 2 1 0
4 0 0 0 0 1  4 1 0 0 0 1  4 1 2 0 0 1  4 1 2 3 0 1  4 1 2 3 4 1  4 1 2 3 4 1  
3 0 0 0 0 2  3 0 0 0 0 2  3 0 0 0 0 2  3 0 0 0 0 2  3 0 0 0 0 2  3 0 0 0 0 2  
2 0 0 0 0 2  2 0 0 0 0 2  2 0 0 0 0 2  2 0 0 0 0 2  2 0 0 0 0 2  2 0 0 0 0 2  
1 0 0 0 0 2  1 0 0 0 0 2  1 0 0 0 0 2  1 0 0 0 0 2  1 0 0 0 0 2  1 0 0 0 0 2  
0 1 2 2 2 0  0 1 2 2 2 0  0 1 2 2 2 0  0 1 2 2 2 0  0 1 2 2 2 0  0 1 2 2 2 0  

0 4 3 2 1 0  0 4 3 2 1 0  0 4 3 2 1 0           0 4 3 2 1 0  0 4 3 2 1 0            0 4 3 2 1 0
4 1 2 3 4 1  4 1 2 3 4 1  4 1 2 3 4 1 checking  4 1 2 3 4 1  4 1 2 3 4 1 checking   4 1 2 3 4 1  
3 2 0 0 0 2  3 2 1 0 0 2  3 2 1 4 0 2 row clues 3 2 1 0 0 2  3 2 3 1 0 2 num in col 3 2 3 4 1 2  
2 0 0 0 0 2  2 0 0 0 0 2  2 0 0 0 0 2  go back  2 0 0 0 0 2  2 0 0 0 0 2 go back    2 0 0 0 0 2  
1 0 0 0 0 2  1 0 0 0 0 2  1 0 0 0 0 2           1 0 0 0 0 2  1 0 0 0 0 2            1 0 0 0 0 2  
0 1 2 2 2 0  0 1 2 2 2 0  0 1 2 2 2 0           0 1 2 2 2 0  0 1 2 2 2 0            0 1 2 2 2 0  

0 4 3 2 1 0  0 4 3 2 1 0  
4 1 2 3 4 1  4 1 2 3 4 1  
3 2 3 4 1 2  3 2 3 4 1 2 checking    num in col -> go back
2 3 0 0 0 2  2 3 1 2 0 2   
1 0 0 0 0 2  1 0 0 0 0 2  
0 1 2 2 2 0  0 1 2 2 2 0  


0 4 3 2 1 0  0 4 3 2 1 0  0 4 3 2 1 0  0 4 3 2 1 0           0 4 3 2 1 0           0 4 3 2 1 0
4 0 0 0 0 1  4 1 0 0 0 1  4 1 2 0 0 1  4 1 2 3 0 1 checking  4 1 2 4 0 1 checking  4 1 2 0 0 1  4 cannot change
3 0 0 0 0 2  3 0 0 0 0 2  3 0 0 0 0 2  3 0 0 0 0 2  rowclues 3 0 0 0 0 2 rowclues  3 0 0 0 0 2  go back
2 0 0 0 0 2  2 0 0 0 0 2  2 0 0 0 0 2  2 0 0 0 0 2  goback   2 0 0 0 0 2  goback   2 0 0 0 0 2  
1 0 0 0 0 2  1 0 0 0 0 2  1 0 0 0 0 2  1 0 0 0 0 2           1 0 0 0 0 2           1 0 0 0 0 2  
0 1 2 2 2 0  0 1 2 2 2 0  0 1 2 2 2 0  0 1 2 2 2 0           0 1 2 2 2 0           0 1 2 2 2 0  

0 4 3 2 1 0  0 4 3 2 1 0          0 4 3 2 1 0  	    	0 4 3 2 1 0         
4 1 3 0 0 1  4 1 3 2 0 1 checking 4 1 3 4 0 1 checking  4 1 3 0 0 1   
3 0 0 0 0 2  3 0 0 0 0 2 rowclues 3 0 0 0 0 2 rowclues  3 0 0 0 0 2   
2 0 0 0 0 2  2 0 0 0 0 2 goback   2 0 0 0 0 2 goback    2 0 0 0 0 2   
1 0 0 0 0 2  1 0 0 0 0 2          1 0 0 0 0 2           1 0 0 0 0 2          
0 1 2 2 2 0  0 1 2 2 2 0          0 1 2 2 2 0           0 1 2 2 2 0    